156	0
223	0
623	0
1170	0
1239	0
2	1
29	1
43	1
270	1
422	1
651	1
52	2
84	2
124	2
168	2
204	2
215	2
235	2
300	2
320	2
450	2
553	2
563	2
701	2
940	2
947	2
985	2
995	2
996	2
1057	2
1078	2
1095	2
1096	2
1207	2
624	3
203	4
270	4
25	5
51	5
87	5
111	5
176	5
330	5
407	5
416	5
455	5
469	5
521	5
846	5
858	5
883	5
897	5
898	5
906	5
922	5
961	5
1019	5
1067	5
1104	5
1115	5
1150	5
1215	5
1262	5
94	6
155	6
186	6
206	6
216	6
225	6
241	6
243	6
404	6
436	6
507	6
512	6
521	6
550	6
623	6
682	6
688	6
702	6
706	6
761	6
784	6
813	6
926	6
947	6
1038	6
1045	6
1202	6
1260	6
213	7
290	7
410	7
490	7
570	7
640	7
742	7
789	7
821	7
988	7
1153	7
988	8
13	9
45	9
81	9
137	9
374	9
784	9
972	9
995	9
1058	9
88	10
98	10
222	10
341	10
403	10
422	10
572	10
707	10
797	10
947	10
996	10
1067	10
1105	10
1150	10
43	11
74	11
142	11
223	11
452	11
640	11
698	11
975	11
1016	11
1068	11
1138	11
15	12
99	12
124	12
131	12
156	12
272	12
341	12
396	12
416	12
431	12
459	12
472	12
479	12
491	12
621	12
623	12
698	12
702	12
796	12
824	12
892	12
960	12
1148	12
1150	12
1239	12
1248	12
19	13
57	13
82	13
88	13
96	13
102	13
130	13
148	13
149	13
152	13
180	13
219	13
220	13
223	13
257	13
288	13
318	13
368	13
404	13
468	13
471	13
491	13
500	13
592	13
595	13
616	13
618	13
667	13
680	13
730	13
732	13
738	13
820	13
857	13
906	13
919	13
959	13
960	13
977	13
990	13
991	13
1009	13
1048	13
1068	13
1070	13
1086	13
1105	13
1122	13
1164	13
1170	13
1201	13
1207	13
1217	13
203	14
271	14
325	14
1054	14
1160	14
121	16
375	16
491	16
1238	16
135	17
345	17
743	17
972	17
1239	17
23	18
31	18
623	18
688	18
828	18
920	18
1096	18
20	19
509	19
513	19
516	19
586	19
608	19
665	19
885	19
888	19
896	19
959	19
991	19
1057	19
1131	19
1170	19
347	20
429	20
865	21
944	21
981	21
1138	21
1221	21
1236	21
122	22
408	22
636	22
920	22
922	22
1124	22
29	23
98	23
152	23
156	23
223	23
319	23
349	23
355	23
396	23
404	23
406	23
427	23
468	23
515	23
578	23
586	23
623	23
649	23
667	23
684	23
732	23
735	23
738	23
759	23
814	23
820	23
932	23
943	23
1022	23
1068	23
1083	23
1084	23
1131	23
1164	23
1170	23
1208	23
1211	23
1226	23
1241	23
1251	23
491	24
507	24
520	24
521	24
640	24
688	24
725	24
888	24
985	24
34	25
75	25
83	25
366	25
548	25
758	25
822	25
858	25
906	25
972	25
1054	25
1097	25
1117	25
1219	25
34	26
51	26
68	26
143	26
190	26
240	26
379	26
493	26
540	26
548	26
797	26
822	26
972	26
1130	26
100	27
116	27
431	27
916	27
972	27
1090	27
1165	27
39	28
45	28
272	28
490	28
572	28
608	28
790	28
865	28
1004	28
1067	28
1148	28
87	29
102	29
114	29
120	29
122	29
126	29
136	29
137	29
155	29
261	29
274	29
300	29
301	29
342	29
357	29
375	29
385	29
411	29
429	29
447	29
455	29
460	29
472	29
491	29
513	29
521	29
522	29
526	29
537	29
542	29
544	29
552	29
553	29
572	29
574	29
586	29
589	29
607	29
632	29
637	29
665	29
676	29
682	29
694	29
702	29
704	29
711	29
743	29
779	29
792	29
809	29
813	29
817	29
840	29
846	29
856	29
864	29
881	29
909	29
920	29
921	29
927	29
946	29
947	29
973	29
1008	29
1011	29
1013	29
1063	29
1125	29
1138	29
1140	29
1165	29
1172	29
1181	29
1182	29
1188	29
1200	29
1202	29
1215	29
1238	29
1262	29
31	30
92	31
128	31
152	31
271	31
429	31
494	31
548	31
622	31
626	31
715	31
975	31
1020	31
1165	31
1191	31
1241	31
743	32
45	33
320	33
50	34
51	34
57	34
68	34
111	34
143	34
153	34
194	34
200	34
205	34
252	34
270	34
274	34
341	34
375	34
379	34
381	34
385	34
399	34
433	34
481	34
482	34
489	34
491	34
505	34
521	34
522	34
536	34
560	34
577	34
588	34
607	34
639	34
667	34
679	34
680	34
681	34
688	34
698	34
712	34
780	34
789	34
806	34
828	34
833	34
851	34
883	34
888	34
920	34
946	34
951	34
961	34
969	34
972	34
991	34
1010	34
1013	34
1019	34
1054	34
1057	34
1059	34
1067	34
1078	34
1093	34
1096	34
1109	34
1126	34
1137	34
1155	34
1156	34
1160	34
1161	34
1200	34
1202	34
1215	34
1234	34
1238	34
1239	34
1252	34
1262	34
68	35
621	35
669	35
670	35
760	35
149	36
325	36
372	36
642	36
822	36
916	36
933	36
972	36
1077	36
1099	36
1236	36
178	37
375	38
436	38
623	38
983	38
995	38
1057	38
45	39
356	40
88	41
222	41
270	41
425	41
552	41
586	41
640	41
809	41
943	41
947	41
960	41
979	41
1176	41
1263	41
51	42
342	42
537	42
974	42
51	43
127	43
153	43
166	43
176	43
200	43
207	43
226	43
274	43
310	43
333	43
342	43
359	43
383	43
385	43
433	43
436	43
491	43
501	43
521	43
539	43
607	43
629	43
639	43
694	43
719	43
784	43
801	43
833	43
920	43
921	43
950	43
951	43
966	43
983	43
1057	43
1182	43
1192	43
1202	43
1238	43
99	44
459	44
807	44
54	45
98	45
110	45
116	45
180	45
219	45
293	45
390	45
398	45
494	45
509	45
548	45
623	45
713	45
735	45
747	45
820	45
822	45
888	45
981	45
988	45
1070	45
1072	45
1079	45
1090	45
1094	45
1151	45
1159	45
1174	45
1216	45
1230	45
1236	45
392	46
342	47
922	47
1096	47
937	48
1239	48
51	49
190	49
372	49
787	49
455	50
57	51
67	51
68	51
74	51
83	51
130	51
143	51
149	51
160	51
190	51
194	51
205	51
238	51
240	51
254	51
266	51
285	51
297	51
303	51
315	51
331	51
332	51
345	51
366	51
368	51
444	51
445	51
481	51
570	51
584	51
621	51
648	51
697	51
699	51
748	51
758	51
779	51
797	51
800	51
802	51
803	51
805	51
822	51
841	51
845	51
858	51
916	51
949	51
960	51
969	51
991	51
1030	51
1050	51
1054	51
1059	51
1062	51
1140	51
1146	51
1162	51
1219	51
1234	51
1236	51
1251	51
1252	51
1256	51
1260	51
68	52
149	52
167	52
1059	52
1130	52
1201	52
257	53
598	53
1115	53
1156	53
82	55
86	55
137	55
474	55
536	55
553	55
618	55
633	55
774	55
806	55
896	55
940	55
1085	55
1203	55
1246	55
344	56
864	56
124	57
200	57
342	57
357	57
379	57
408	57
465	57
491	57
550	57
580	57
586	57
813	57
892	57
961	57
995	57
1013	57
1035	57
1049	57
1067	57
1093	57
1096	57
1202	57
606	58
639	58
1021	58
271	59
1054	59
1072	59
357	60
868	60
1069	60
90	61
320	61
469	61
577	61
822	62
827	62
1092	62
83	63
135	63
141	63
223	63
272	63
366	63
403	63
408	63
490	63
533	63
602	63
667	63
822	63
972	63
981	63
1162	63
1242	63
1251	64
349	65
303	66
471	66
762	66
822	66
972	66
229	67
375	67
1096	67
1252	67
124	68
342	68
375	68
401	68
513	68
617	68
780	68
813	68
851	68
883	68
920	68
950	68
995	68
1040	68
1096	68
1167	68
1248	68
1252	68
1096	69
381	70
822	70
357	71
915	71
968	71
983	71
999	71
1192	71
1202	71
1234	71
1202	72
235	73
633	73
687	73
973	73
185	75
491	75
512	75
892	75
1018	75
77	76
114	76
168	76
436	76
453	76
488	76
770	76
1057	76
1121	76
789	78
808	78
945	79
971	79
1062	79
148	80
222	80
623	80
797	80
1146	80
1251	80
186	81
521	81
88	82
92	82
116	82
130	82
180	82
187	82
215	82
220	82
412	82
435	82
436	82
471	82
475	82
509	82
532	82
732	82
785	82
835	82
893	82
906	82
940	82
959	82
965	82
984	82
1031	82
1038	82
1039	82
1057	82
1059	82
1072	82
1083	82
1170	82
1220	82
135	83
152	83
166	83
186	83
200	83
216	83
252	83
274	83
431	83
474	83
521	83
546	83
576	83
577	83
600	83
665	83
688	83
702	83
779	83
785	83
898	83
966	83
972	83
995	83
1013	83
1062	83
1096	83
1248	83
1252	83
1262	83
272	84
341	84
393	84
407	84
497	84
515	84
528	84
619	84
623	84
876	84
885	84
906	84
919	84
945	84
1009	84
1033	84
1079	84
1104	84
1150	84
1166	84
1209	84
1239	84
86	85
87	85
479	85
698	85
824	85
885	85
87	86
88	86
98	86
99	86
102	86
170	86
216	86
235	86
252	86
267	86
272	86
288	86
296	86
303	86
318	86
325	86
357	86
379	86
445	86
469	86
479	86
586	86
610	86
614	86
664	86
687	86
748	86
773	86
789	86
906	86
923	86
972	86
981	86
983	86
1009	86
1050	86
1053	86
1072	86
1077	86
1120	86
1138	86
1147	86
1156	86
1162	86
1247	86
88	87
116	87
130	87
149	87
185	87
190	87
193	87
415	87
433	87
471	87
479	87
505	87
506	87
548	87
558	87
642	87
684	87
775	87
822	87
834	87
876	87
901	87
935	87
950	87
960	87
969	87
1015	87
1156	87
1162	87
1201	87
1207	87
1217	87
1219	87
1230	87
1239	87
1251	87
111	88
120	88
130	88
169	88
178	88
202	88
203	88
216	88
219	88
223	88
245	88
246	88
288	88
348	88
377	88
413	88
416	88
421	88
472	88
501	88
542	88
566	88
572	88
591	88
609	88
676	88
702	88
743	88
777	88
789	88
856	88
876	88
878	88
896	88
906	88
920	88
924	88
941	88
951	88
960	88
971	88
981	88
983	88
990	88
991	88
1018	88
1031	88
1049	88
1057	88
1072	88
1093	88
1109	88
1128	88
1150	88
1179	88
1201	88
1202	88
1230	88
1234	88
1235	88
1250	88
1259	88
1262	88
240	89
253	89
299	89
968	89
969	89
1097	89
1207	89
1226	89
1251	89
431	90
522	91
536	91
1018	91
123	92
134	92
136	92
151	92
203	92
213	92
215	92
221	92
285	92
361	92
411	92
436	92
472	92
491	92
503	92
529	92
553	92
609	92
637	92
665	92
940	92
984	92
1057	92
1137	92
366	93
667	93
779	93
935	93
1019	93
1239	93
548	94
568	94
436	95
1252	95
152	96
1093	97
120	98
134	98
205	98
219	98
360	98
388	98
396	98
417	98
427	98
475	98
521	98
522	98
526	98
536	98
566	98
569	98
619	98
623	98
640	98
649	98
650	98
856	98
864	98
906	98
920	98
947	98
977	98
979	98
1031	98
1093	98
1105	98
1137	98
1164	98
1169	98
1170	98
1211	98
1241	98
1258	98
1263	98
482	99
623	99
665	99
1052	99
114	100
215	100
274	100
383	100
405	100
436	100
484	100
572	100
586	100
607	100
665	100
748	100
833	100
940	100
972	100
1181	100
741	101
789	101
116	102
125	102
197	102
235	102
393	102
493	102
572	102
623	102
743	102
822	102
829	102
972	102
1072	102
1108	102
1207	102
1234	102
1236	102
1263	102
272	103
341	103
356	103
359	103
507	103
606	103
743	103
770	103
885	103
972	103
993	103
1211	103
521	104
694	104
945	104
333	105
1213	105
297	106
375	106
922	106
276	107
490	107
617	107
875	107
955	107
1239	107
743	108
760	108
688	109
126	110
130	110
139	110
220	110
289	110
369	110
839	110
1135	110
433	111
490	111
566	111
898	111
920	111
922	111
923	111
956	111
1149	111
1250	111
203	112
235	112
640	112
973	112
665	113
892	113
995	113
116	114
516	114
727	114
774	114
835	114
940	114
959	114
1031	114
1162	114
203	115
522	115
733	115
736	115
122	116
127	116
136	116
137	116
139	116
155	116
173	116
181	116
183	116
226	116
260	116
282	116
283	116
297	116
300	116
313	116
396	116
397	116
411	116
430	116
433	116
436	116
472	116
491	116
512	116
521	116
522	116
526	116
572	116
574	116
587	116
589	116
631	116
636	116
637	116
639	116
665	116
682	116
694	116
704	116
731	116
733	116
745	116
756	116
788	116
792	116
838	116
861	116
864	116
871	116
883	116
920	116
921	116
922	116
923	116
945	116
947	116
962	116
966	116
1018	116
1023	116
1027	116
1035	116
1064	116
1067	116
1077	116
1107	116
1125	116
1137	116
1155	116
1167	116
1188	116
1222	116
1235	116
1252	116
1262	116
243	117
416	117
444	117
546	117
920	117
934	117
947	117
951	117
1009	117
1042	117
1093	118
122	119
705	119
793	119
797	119
883	119
1003	119
1128	119
1251	119
445	120
1170	120
1204	120
1251	120
215	121
223	121
479	121
789	121
896	121
940	121
130	122
149	122
167	122
194	122
443	122
444	122
474	122
536	122
604	122
626	122
822	122
885	122
955	122
969	122
1034	122
1128	122
1142	122
1146	122
1162	122
1164	122
1192	122
130	123
148	123
149	123
184	123
203	123
209	123
341	123
404	123
468	123
490	123
509	123
580	123
618	123
683	123
713	123
732	123
735	123
747	123
864	123
888	123
906	123
933	123
934	123
959	123
988	123
1003	123
1005	123
1054	123
1075	123
1085	123
1122	123
1159	123
1170	123
1207	123
1211	123
1219	123
1265	123
135	124
160	124
190	124
205	124
366	124
422	124
423	124
669	124
759	124
778	124
805	124
822	124
849	124
888	124
906	124
916	124
935	124
979	124
1236	124
1251	124
180	125
364	125
584	125
741	125
742	125
972	125
1044	125
130	126
139	126
223	126
289	126
317	126
493	126
619	126
626	126
640	126
680	126
741	126
972	126
981	126
986	126
1031	126
1072	126
1079	126
1170	126
1251	126
133	127
203	127
485	127
519	127
624	127
888	127
940	127
1159	127
169	128
839	128
1199	128
521	129
578	129
888	129
1085	129
131	130
134	130
135	130
136	130
137	130
139	130
216	130
243	130
276	130
281	130
282	130
312	130
327	130
341	130
344	130
362	130
371	130
385	130
396	130
402	130
408	130
411	130
426	130
433	130
459	130
469	130
472	130
501	130
508	130
522	130
536	130
542	130
550	130
566	130
572	130
574	130
586	130
602	130
606	130
612	130
618	130
646	130
682	130
694	130
702	130
722	130
742	130
743	130
761	130
770	130
792	130
813	130
815	130
817	130
837	130
838	130
839	130
864	130
867	130
920	130
942	130
951	130
959	130
971	130
983	130
997	130
1012	130
1048	130
1093	130
1112	130
1128	130
1134	130
1136	130
1150	130
1181	130
1200	130
1201	130
1207	130
1210	130
1258	130
1262	130
150	131
494	131
546	131
591	131
623	131
683	131
730	131
972	131
1001	131
1164	131
1207	131
1211	131
150	132
570	133
694	133
732	133
972	133
1003	133
1015	133
219	134
272	134
316	134
393	134
536	134
619	134
623	134
624	134
640	134
1213	134
141	135
149	135
235	135
240	135
247	135
268	135
366	135
471	135
490	135
505	135
602	135
626	135
680	135
758	135
812	135
972	135
981	135
1003	135
1025	135
1030	135
1105	135
1127	135
1138	135
1143	135
1170	135
156	136
293	136
512	136
649	136
743	136
777	136
906	136
959	136
973	136
1068	136
1087	136
1092	136
1126	136
1134	136
1150	136
1171	136
1239	136
1250	136
1262	136
219	137
288	137
368	137
444	137
494	137
595	137
742	137
763	137
889	137
1026	137
1072	137
1159	137
1170	137
790	138
142	139
223	139
235	139
289	139
493	139
534	139
619	139
624	139
669	139
713	139
735	139
741	139
1031	139
1054	139
1090	139
966	140
995	140
149	141
151	141
203	141
282	141
288	141
347	141
427	141
499	141
536	141
602	141
789	141
861	141
896	141
1009	141
1031	141
1054	141
1059	141
1109	141
1127	141
1239	141
1242	141
1244	141
207	142
213	142
739	142
788	142
184	143
235	143
325	143
352	143
356	143
375	143
382	143
392	143
421	143
444	143
480	143
503	143
512	143
560	143
572	143
617	143
688	143
734	143
743	143
789	143
852	143
966	143
991	143
1008	143
1011	143
1019	143
1049	143
1096	143
1128	143
1132	143
1149	143
1172	143
1247	143
1263	143
178	144
180	144
215	144
233	144
488	144
667	144
725	144
727	144
889	144
923	144
924	144
987	144
990	144
1105	144
190	145
194	145
244	145
377	145
959	145
1031	145
150	146
514	147
1172	147
216	148
218	148
219	148
282	148
369	148
396	148
452	148
491	148
521	148
526	148
545	148
600	148
712	148
920	148
1068	148
1072	148
1093	148
1097	148
1105	148
1252	148
167	149
173	149
185	149
216	149
233	149
243	149
246	149
274	149
330	149
342	149
348	149
357	149
359	149
401	149
402	149
403	149
416	149
421	149
422	149
433	149
436	149
442	149
482	149
489	149
491	149
501	149
505	149
512	149
513	149
526	149
536	149
542	149
550	149
557	149
560	149
576	149
577	149
586	149
602	149
607	149
617	149
636	149
667	149
673	149
682	149
694	149
719	149
720	149
737	149
743	149
780	149
813	149
824	149
854	149
883	149
916	149
920	149
945	149
947	149
951	149
966	149
968	149
971	149
972	149
983	149
1013	149
1034	149
1049	149
1053	149
1096	149
1097	149
1102	149
1119	149
1125	149
1200	149
1202	149
1215	149
1219	149
1238	149
1239	149
1242	149
1251	149
1252	149
1262	149
591	150
1164	150
423	151
712	151
972	151
173	152
319	152
320	152
327	152
348	152
361	152
459	152
505	152
512	152
521	152
553	152
576	152
577	152
591	152
650	152
670	152
676	152
702	152
710	152
722	152
732	152
813	152
936	152
942	152
1023	152
1040	152
1115	152
1170	152
1182	152
1202	152
1239	152
1241	152
1248	152
1262	152
236	153
297	153
315	153
471	153
534	153
624	153
972	153
977	153
1113	153
1236	153
235	154
491	154
989	154
1019	154
1042	154
1102	154
1172	154
494	155
623	155
645	155
960	155
241	156
348	156
482	156
512	156
553	156
576	156
682	156
813	156
942	156
1093	156
1094	156
1097	156
1136	156
270	157
159	158
588	158
375	160
1013	160
1157	160
1147	161
503	162
536	162
606	162
1239	162
401	163
416	163
682	163
867	163
1127	164
333	165
621	165
1165	165
315	166
333	166
352	166
471	166
867	166
885	166
978	166
1150	166
1239	166
378	167
572	167
941	167
951	167
957	167
1096	167
1099	167
1102	167
223	168
240	168
272	168
317	168
322	168
834	168
884	168
1034	168
366	170
888	170
444	171
743	172
885	172
182	173
404	173
567	173
651	173
747	173
760	173
870	173
874	173
1083	173
1122	173
1142	173
1211	173
1239	173
1264	173
646	174
920	175
180	176
189	176
190	176
210	176
220	176
244	176
289	176
341	176
462	176
480	176
521	176
534	176
540	176
546	176
578	176
584	176
614	176
642	176
648	176
669	176
689	176
737	176
742	176
770	176
783	176
802	176
808	176
819	176
842	176
847	176
865	176
916	176
969	176
977	176
979	176
1092	176
1130	176
1142	176
1219	176
1251	176
1262	176
715	177
382	178
903	178
923	178
924	178
618	179
805	179
815	179
893	179
1077	179
1251	179
181	180
184	180
188	180
189	180
203	180
216	180
219	180
257	180
433	180
450	180
484	180
489	180
517	180
521	180
526	180
530	180
553	180
566	180
574	180
587	180
642	180
652	180
682	180
792	180
836	180
846	180
847	180
925	180
945	180
947	180
1035	180
1072	180
1076	180
1093	180
1136	180
1156	180
1205	180
1246	180
977	181
1046	181
1147	181
1207	181
1239	181
207	182
281	182
361	182
417	182
432	182
469	182
512	182
521	182
527	182
571	182
624	182
640	182
667	182
682	182
763	182
888	182
889	182
896	182
968	182
990	182
1038	182
1050	182
1083	182
1106	182
1126	182
186	184
243	184
279	184
281	184
396	184
426	184
521	184
621	184
682	184
749	184
883	184
920	184
947	184
972	184
1096	184
1136	184
1207	184
1262	184
304	185
341	185
342	185
378	185
473	185
491	185
577	185
583	185
639	185
770	185
900	185
922	185
972	185
979	185
981	185
983	185
1042	185
1180	185
1235	185
404	186
462	186
604	186
760	186
868	186
1097	186
1205	186
286	187
435	187
694	187
751	187
879	187
888	187
1085	187
396	188
545	188
652	188
1093	188
1239	188
203	189
348	189
406	189
468	189
491	189
682	189
809	189
813	189
888	189
1072	189
1167	189
276	190
281	190
299	190
357	190
375	190
381	190
450	190
482	190
505	190
560	190
851	190
864	190
923	190
1053	190
1172	190
1213	190
474	191
972	192
482	193
668	193
883	193
957	193
1053	193
1142	193
1252	193
337	194
377	194
444	194
537	194
552	194
553	194
564	194
852	194
864	194
1074	194
1080	194
1262	194
536	195
448	196
273	197
536	197
640	197
1057	197
1064	197
1263	197
405	198
738	198
965	198
501	199
983	199
441	200
444	200
548	200
779	200
780	200
822	200
1042	200
1053	200
1146	200
1251	200
923	201
240	202
341	202
407	202
645	202
687	202
968	202
1017	202
1048	202
1211	202
205	203
215	203
232	203
274	203
299	203
355	203
369	203
617	203
618	203
623	203
808	203
889	203
890	203
943	203
964	203
1085	203
1136	203
1154	203
1160	203
444	204
1050	204
357	205
789	205
947	205
971	205
979	205
985	205
991	205
1067	205
1210	205
1263	205
279	206
319	206
384	206
468	206
509	206
734	206
1084	206
452	207
624	207
746	207
788	207
959	207
1159	207
459	208
526	208
839	208
1113	208
920	209
1262	209
216	210
243	210
722	210
1040	210
1095	210
1137	210
890	211
1094	211
474	212
491	212
521	212
745	212
214	213
272	213
288	213
410	213
595	213
1172	213
219	214
619	214
361	215
435	215
472	215
503	215
519	215
521	215
522	215
536	215
726	215
774	215
837	215
896	215
940	215
945	215
1222	215
219	216
288	216
369	216
404	216
457	216
468	216
490	216
494	216
509	216
595	216
618	216
626	216
652	216
660	216
680	216
681	216
689	216
715	216
741	216
742	216
748	216
759	216
763	216
868	216
893	216
906	216
977	216
981	216
1054	216
1059	216
1105	216
1133	216
1159	216
1170	216
1193	216
1207	216
1217	216
1241	216
739	217
221	218
562	218
665	218
947	218
355	219
389	219
417	219
431	219
521	219
526	219
530	219
569	219
576	219
619	219
640	219
650	219
742	219
770	219
838	219
839	219
942	219
947	219
961	219
1054	219
1137	219
243	220
273	220
276	220
450	220
503	220
512	220
521	220
566	220
607	220
665	220
743	220
790	220
909	220
920	220
921	220
926	220
946	220
947	220
995	220
1004	220
1067	220
1093	220
1155	220
1172	220
1200	220
1202	220
1241	220
1262	220
680	221
987	221
1236	221
243	222
260	222
377	222
922	222
1050	222
1170	222
1239	222
353	223
416	223
421	223
436	223
507	223
517	223
520	223
553	223
586	223
598	223
658	223
682	223
704	223
788	223
817	223
864	223
888	223
892	223
945	223
951	223
961	223
991	223
995	223
1019	223
1049	223
1057	223
1064	223
1109	223
1126	223
1155	223
1162	223
1185	223
1202	223
1215	223
372	224
969	225
471	226
1190	226
365	227
995	227
368	228
893	229
948	229
282	230
521	230
522	230
526	230
806	230
1215	230
232	231
235	231
299	231
372	231
399	231
665	231
854	231
883	231
973	231
1067	231
635	232
973	232
1008	232
455	233
834	233
1063	233
1185	233
1239	233
1252	233
727	234
253	235
272	235
320	235
380	235
399	235
408	235
434	235
477	235
488	235
493	235
552	235
617	235
619	235
623	235
630	235
635	235
687	235
698	235
743	235
782	235
789	235
811	235
834	235
864	235
896	235
909	235
973	235
1000	235
1100	235
1132	235
1170	235
1185	235
1221	235
1239	235
1252	235
238	236
348	236
961	237
342	238
411	239
671	239
1097	239
1260	239
300	240
357	240
378	240
539	240
586	240
607	240
655	240
785	240
851	240
888	240
922	240
961	240
983	240
1195	240
341	241
493	241
955	241
990	241
1028	241
1146	241
1183	241
550	242
321	243
322	243
493	243
548	243
622	243
737	243
816	243
846	243
934	243
955	243
959	243
969	243
979	243
1092	243
1146	243
1177	243
1230	243
1251	243
735	245
782	245
785	245
916	245
975	245
1153	245
491	246
507	246
786	246
834	246
983	246
1239	246
258	247
641	247
682	247
806	247
846	247
868	247
881	247
1017	247
1200	247
250	248
1130	249
375	250
395	250
1241	250
271	251
493	251
636	251
1251	251
1256	251
341	252
366	252
756	252
832	252
833	252
916	252
1179	252
864	253
885	253
330	254
1150	254
368	255
1136	256
302	257
362	257
421	257
463	257
521	257
600	257
678	257
680	257
688	257
846	257
883	257
920	257
936	257
1072	257
1076	257
1115	257
1156	257
1252	257
302	259
355	259
945	259
1093	259
501	261
769	261
957	261
960	261
1146	261
1207	261
1241	261
1251	261
536	262
1102	262
1153	262
264	263
550	263
316	265
621	265
876	265
995	265
719	266
864	266
321	267
375	267
456	267
502	267
562	267
951	267
1164	267
270	269
945	269
1013	269
304	270
494	270
534	270
342	271
348	271
474	271
521	271
535	271
542	271
545	271
589	271
745	271
792	271
813	271
892	271
1040	271
1071	271
1134	271
1160	271
1172	271
1173	271
1202	271
368	272
399	272
418	272
421	272
436	272
479	272
531	272
542	272
570	272
572	272
619	272
773	272
775	272
788	272
885	272
945	272
971	272
985	272
1019	272
1057	272
1160	272
368	273
687	273
770	273
797	273
922	273
935	273
1030	273
1146	273
354	274
356	274
448	274
493	274
509	274
645	274
684	274
748	274
760	274
808	274
829	274
835	274
889	274
969	274
1005	274
1059	274
1061	274
1073	274
1146	274
1211	274
1236	274
322	275
384	275
413	275
423	275
440	275
732	275
797	275
815	275
935	275
1131	275
1251	275
279	276
287	276
288	276
341	276
355	276
365	276
382	276
386	276
461	276
466	276
480	276
509	276
543	276
621	276
624	276
626	276
667	276
685	276
726	276
730	276
816	276
839	276
969	276
992	276
1005	276
1030	276
1079	276
1084	276
1122	276
1159	276
1166	276
1207	276
1251	276
943	277
437	278
493	278
355	279
536	279
618	279
726	279
839	279
1072	279
1137	279
553	280
702	280
923	280
297	281
366	281
479	281
626	281
667	281
789	281
930	281
1159	281
1205	281
1236	281
1239	281
331	282
366	282
452	282
486	282
608	282
619	282
624	282
681	282
685	282
732	282
906	282
933	282
972	282
1159	282
1207	282
1230	282
1128	284
633	285
921	285
330	286
925	286
1040	286
319	287
385	287
576	287
883	287
936	287
951	287
966	287
490	288
623	288
640	288
667	288
749	288
834	288
864	288
888	288
927	288
958	288
1166	288
530	289
566	289
839	289
951	289
682	290
292	291
1020	291
348	293
408	293
436	293
491	293
537	293
623	293
680	293
792	293
894	293
941	293
983	293
1089	293
1137	293
353	294
839	295
521	296
300	297
375	297
433	297
436	297
541	297
586	297
734	297
951	297
983	297
1013	297
1019	297
1096	297
1192	297
1088	298
442	299
474	299
537	299
640	299
873	299
898	299
1093	299
1192	299
322	300
365	300
368	300
445	300
748	300
758	300
770	300
782	300
829	300
888	300
916	300
972	300
981	300
991	300
1020	300
1174	300
1263	300
592	301
595	301
706	301
1005	301
1241	301
341	302
548	302
1084	302
1236	302
342	303
371	303
474	303
491	303
501	303
888	303
892	303
972	303
975	303
916	304
981	304
986	304
1146	304
474	305
972	305
1159	305
1241	305
969	306
308	307
309	308
1238	309
444	310
693	310
419	311
942	311
341	312
434	312
548	312
760	312
968	312
972	312
1146	312
391	313
397	313
1100	313
375	314
371	315
376	315
867	315
951	315
971	315
1057	315
1124	315
348	317
885	317
1013	317
1096	317
396	318
459	318
464	318
474	318
491	318
545	318
591	318
1237	318
384	319
427	319
579	319
595	319
604	319
624	319
680	319
682	319
906	319
932	319
1081	319
1084	319
1164	319
509	320
543	320
608	320
623	320
669	320
685	320
959	320
985	320
1072	320
1184	320
1239	320
457	321
501	321
502	321
780	321
797	321
822	321
1215	321
501	322
639	322
883	322
995	322
1077	322
1200	322
1210	322
436	323
1140	323
477	324
383	325
512	325
521	326
504	327
604	327
670	327
919	327
1029	327
1251	327
393	328
835	328
385	329
366	330
604	330
758	330
797	330
969	330
972	330
1015	330
1079	330
383	331
834	331
971	331
994	333
1015	333
1164	333
1214	333
1226	334
1239	335
789	336
377	337
404	337
511	338
580	338
878	338
521	339
743	339
676	340
1159	340
375	341
420	341
482	341
505	341
538	341
596	341
623	341
698	341
784	341
785	341
920	341
958	341
972	341
974	341
1054	341
1057	341
1066	341
1080	341
1192	341
1207	341
1235	341
1247	341
422	342
445	342
534	342
537	342
721	342
969	342
972	342
983	342
1059	342
1130	342
1146	342
1251	342
1261	343
444	344
445	344
452	344
462	344
643	344
741	344
748	344
972	344
994	344
1170	344
521	345
888	345
889	345
898	345
962	345
1096	345
1234	345
895	346
409	348
411	348
493	348
510	348
573	348
595	348
626	348
683	348
755	348
760	348
797	348
819	348
858	348
888	348
935	348
947	348
965	348
972	348
986	348
990	348
1017	348
1033	348
1072	348
1083	348
1207	348
1218	348
1241	348
372	349
399	349
635	349
687	349
694	349
752	349
779	349
787	349
973	349
1008	349
375	350
1137	351
371	352
780	352
864	352
885	352
1132	352
1247	352
471	353
621	353
882	353
960	353
972	353
981	353
1090	353
521	354
769	354
951	354
356	355
436	355
576	355
607	355
614	355
865	355
887	355
916	355
977	355
987	355
1017	355
1216	355
1241	355
482	356
550	356
581	356
621	356
820	356
366	357
368	357
443	357
493	357
558	357
607	357
883	357
884	357
935	357
960	357
972	357
1015	357
1128	357
1186	357
1234	357
1251	357
512	358
415	359
648	359
669	359
892	359
972	359
995	359
783	360
784	360
815	360
919	360
405	361
519	361
521	361
536	361
608	361
738	361
774	361
896	361
908	361
940	361
1009	361
1203	361
427	362
437	362
604	362
1072	362
1156	362
888	363
375	365
491	365
634	365
688	365
743	365
972	365
995	365
1172	365
381	366
435	366
482	366
520	366
586	366
617	366
639	366
665	366
776	366
780	366
813	366
883	366
888	366
951	366
1045	366
1067	366
1094	366
1096	366
1155	366
1182	366
1192	366
1202	366
1250	366
369	367
396	367
624	367
879	367
906	367
421	368
455	368
623	368
711	368
780	368
813	368
824	368
883	368
889	368
979	368
985	368
1035	368
1213	368
509	369
514	369
536	369
624	369
665	369
747	369
1093	369
1113	369
1172	369
624	370
888	370
972	370
404	371
421	371
434	371
445	371
558	371
583	371
604	371
619	371
626	371
852	371
1092	371
1097	371
1123	371
1239	371
1251	371
373	372
414	372
474	372
537	372
633	372
780	372
787	372
851	372
972	372
973	372
974	372
1008	372
1010	372
1059	372
1162	372
1238	372
1239	372
1261	372
474	373
888	373
377	375
427	375
444	375
471	375
474	375
579	375
602	375
626	375
669	375
702	375
717	375
822	375
865	375
972	375
981	375
988	375
1020	375
1040	375
1054	375
1081	375
1082	375
1089	375
1154	375
1162	375
1164	375
1211	375
1236	375
1239	375
1251	375
1263	375
386	376
685	376
748	376
981	376
1031	376
1079	376
458	377
553	377
618	377
665	377
742	377
822	377
835	377
870	377
991	377
1049	377
1057	377
1074	377
1080	377
1239	377
1262	377
444	378
448	378
481	378
583	378
748	378
963	378
981	378
1054	378
1146	378
1251	378
448	379
1096	379
1111	379
396	380
1159	380
444	381
969	381
972	381
383	382
482	382
971	382
1247	382
1260	382
509	383
822	383
416	384
469	384
521	384
526	384
530	384
577	384
646	384
702	384
750	384
1136	384
448	385
493	385
494	385
584	385
767	385
873	385
972	385
1025	385
1072	385
1122	385
1207	385
1241	385
526	386
601	386
630	386
682	386
839	386
1248	386
760	387
576	390
1093	390
1136	390
396	393
731	393
1121	393
464	394
617	395
1035	395
1097	395
1262	395
452	396
457	396
510	396
543	396
604	396
618	396
621	396
626	396
667	396
680	396
682	396
687	396
689	396
718	396
761	396
888	396
889	396
906	396
959	396
1022	396
1072	396
1087	396
1156	396
1205	396
1207	396
1211	396
1241	396
1265	396
493	397
568	397
960	397
1015	397
1018	397
1059	397
1100	397
1207	397
1217	397
521	398
434	399
645	399
854	399
967	399
969	399
1008	399
1077	399
1239	399
1010	400
950	401
452	402
506	402
581	402
618	402
669	402
815	402
835	402
923	402
960	402
980	402
422	403
482	403
548	403
972	403
998	403
1109	403
433	404
450	404
491	404
521	404
545	404
593	404
760	404
834	404
1093	404
436	405
545	405
575	405
732	405
417	406
607	406
623	406
682	406
688	406
947	406
952	406
1048	406
1231	406
1239	406
475	407
503	407
520	407
526	407
733	407
1150	407
425	408
552	408
580	408
630	408
664	408
868	408
888	408
972	408
987	408
1009	408
1109	408
1147	408
1124	410
671	411
892	411
935	411
972	411
1015	411
1079	411
1094	411
1239	411
1251	411
1260	411
889	412
421	413
455	413
467	413
469	413
623	413
856	413
923	413
491	414
566	414
880	414
1162	414
1261	414
419	415
436	415
834	415
885	415
950	415
951	415
1182	415
871	416
1015	416
1048	416
430	417
509	417
667	417
811	417
896	417
1031	417
1068	417
604	418
889	418
965	418
445	419
534	419
626	419
975	419
1059	419
1251	419
493	420
1156	420
479	421
648	421
689	421
774	421
916	421
1031	421
1126	421
1146	421
1236	421
1241	421
501	422
971	422
981	422
1040	422
1124	422
688	423
1137	423
427	424
552	425
793	425
947	425
1067	425
1093	425
618	426
815	426
972	426
1239	426
469	427
488	427
510	427
522	427
526	427
530	427
536	427
623	427
632	427
650	427
888	427
892	427
945	427
1082	427
1093	427
1137	427
623	428
648	429
497	430
619	430
906	430
919	430
930	430
1014	430
1031	430
1159	430
455	431
585	431
682	431
750	431
892	431
987	431
995	431
1019	431
1026	431
1046	431
1167	431
455	433
468	433
471	433
623	433
834	433
904	433
916	433
941	433
1097	433
1236	433
1259	433
586	434
688	434
809	434
817	434
824	434
898	434
1057	434
1096	434
1160	434
1215	434
1248	434
1258	434
536	435
737	435
835	435
1211	435
471	436
473	436
516	436
519	436
543	436
572	436
626	436
633	436
639	436
680	436
742	436
760	436
835	436
888	436
889	436
896	436
940	436
970	436
972	436
981	436
984	436
991	436
1031	436
1034	436
1122	436
1127	436
1153	436
1207	436
1239	436
766	437
1002	437
1072	437
942	438
995	438
828	439
920	439
1093	439
896	440
893	441
981	441
1042	441
1239	442
665	444
688	444
719	444
748	444
779	444
780	444
822	444
883	444
946	444
955	444
967	444
972	444
1044	444
1080	444
1093	444
1096	444
1169	444
1179	444
522	445
593	445
639	445
779	445
941	445
947	445
962	445
983	445
995	445
1049	445
1080	445
1185	445
1188	445
1215	445
789	446
1239	446
743	447
1069	447
1172	447
623	449
724	449
1262	449
457	450
509	450
536	450
618	450
667	450
680	450
713	450
732	450
760	450
763	450
919	450
986	450
1015	450
1054	450
1207	450
1219	450
623	451
621	452
623	452
883	452
920	452
943	452
947	452
972	452
1035	452
1082	452
1148	452
484	453
1227	453
1120	454
1253	454
463	455
626	455
640	455
680	455
685	455
688	455
735	455
741	455
763	455
834	455
852	455
906	455
916	455
1009	455
1234	455
474	456
972	456
936	457
947	457
782	458
1124	458
493	459
543	459
623	459
624	459
642	459
715	459
730	459
806	459
807	459
919	459
952	459
955	459
967	459
990	459
1022	459
1059	459
1086	459
1105	459
1123	459
1164	459
1177	459
1219	459
1239	459
1241	459
726	461
1222	462
468	463
494	463
834	463
742	465
843	465
972	465
1006	465
1072	465
1085	465
521	468
545	468
586	468
839	468
846	468
908	468
947	468
1075	468
1094	468
1119	468
1131	468
1172	468
680	469
682	469
755	469
758	469
820	469
959	469
1059	469
1072	469
1079	469
1175	469
1183	469
1184	469
1209	469
595	470
623	470
566	471
572	471
607	471
724	471
743	471
786	471
792	471
921	471
926	471
947	471
983	471
995	471
1013	471
1067	471
1252	471
685	472
822	472
823	472
888	472
893	472
928	472
940	472
959	472
1159	472
1171	472
1185	472
1207	472
1219	472
516	473
619	473
637	473
916	473
479	474
494	474
505	474
603	474
604	474
613	474
614	474
618	474
659	474
680	474
682	474
712	474
743	474
775	474
787	474
972	474
974	474
1008	474
1020	474
1144	474
1238	474
1241	474
1248	474
1251	474
476	475
482	475
526	475
884	477
960	477
1221	477
1241	478
506	479
570	479
658	479
748	479
770	479
775	479
778	479
885	479
920	479
950	479
979	479
1126	479
1162	479
1222	479
1239	479
617	480
945	480
1019	480
1222	480
925	481
1095	481
1213	481
540	482
645	482
656	482
777	482
859	482
893	482
969	482
1092	482
1239	482
1251	482
813	483
846	483
493	484
822	484
1227	484
1263	484
949	486
489	487
490	488
491	488
586	488
623	488
773	488
888	488
985	488
1019	488
1210	488
494	489
1005	489
1072	489
512	490
535	490
586	490
619	490
945	490
947	490
1000	490
1093	490
1132	490
1137	490
1262	490
493	491
546	491
548	491
603	491
621	491
626	491
681	491
687	491
716	491
721	491
735	491
741	491
742	491
746	491
782	491
786	491
812	491
891	491
967	491
972	491
987	491
991	491
994	491
1000	491
1017	491
1081	491
1083	491
1092	491
1201	491
1241	491
1251	491
1165	492
495	493
507	493
535	493
536	493
587	493
631	493
712	493
748	493
779	493
785	493
822	493
851	493
872	493
883	493
920	493
923	493
947	493
950	493
957	493
961	493
972	493
1030	493
1049	493
1051	493
1053	493
1056	493
1067	493
1094	493
1096	493
1162	493
1165	493
1192	493
1248	493
1252	493
521	494
526	494
601	494
682	494
813	494
825	494
888	494
946	494
947	494
951	494
1067	494
1262	494
978	496
920	497
521	498
1207	498
505	499
602	499
621	499
969	499
1239	499
502	501
822	501
852	501
972	501
997	501
1061	501
508	503
624	503
684	503
732	503
906	503
1054	503
1170	503
747	505
770	505
797	505
835	505
868	505
933	505
1131	505
1156	505
1242	505
1251	505
1264	505
943	506
743	507
748	507
776	507
1008	507
1009	507
1077	507
1194	507
526	509
572	509
576	509
623	509
694	509
702	509
790	509
825	509
868	509
883	509
892	509
896	509
936	509
942	509
991	509
1035	509
1172	509
526	510
553	510
650	510
947	510
1208	510
580	511
775	511
779	511
567	512
626	512
707	512
755	512
770	512
889	512
947	512
975	512
1047	512
1093	512
1131	512
1205	512
1207	512
1239	512
1241	512
741	513
776	513
896	513
1093	513
1130	513
1151	513
1170	513
1177	513
1241	513
1251	513
624	514
680	514
834	514
1054	514
526	515
667	515
682	515
972	516
1057	516
1067	516
1072	516
947	517
741	518
916	518
963	518
1044	518
1219	518
640	519
972	519
531	520
626	520
893	520
920	520
965	520
1241	520
1251	520
545	521
566	521
572	521
595	521
619	521
675	521
680	521
708	521
727	521
737	521
738	521
741	521
748	521
753	521
755	521
775	521
806	521
819	521
829	521
838	521
858	521
876	521
888	521
916	521
940	521
972	521
977	521
978	521
1005	521
1026	521
1060	521
1067	521
1081	521
1082	521
1106	521
1138	521
1146	521
1159	521
1174	521
1176	521
1186	521
1189	521
1201	521
1205	521
1207	521
1208	521
1216	521
1219	521
1241	521
1263	521
536	522
649	522
680	522
815	522
919	522
940	522
1026	522
1031	522
1044	522
1047	522
1079	522
1084	522
1156	522
1183	522
727	523
814	524
868	524
1017	524
787	525
981	525
550	526
575	526
595	526
604	526
619	526
713	526
734	526
820	526
888	526
896	526
960	526
970	526
977	526
1031	526
1048	526
1068	526
1072	526
1087	526
1208	526
1226	526
577	527
1172	527
553	528
621	528
812	528
948	528
1169	528
1262	528
889	530
965	530
977	530
1207	530
566	531
985	531
623	532
920	532
942	532
834	534
892	534
920	534
921	534
1035	534
1059	534
1077	534
1096	534
1262	534
537	536
569	536
620	536
621	536
640	536
642	536
649	536
650	536
742	536
806	536
829	536
836	536
839	536
857	536
889	536
893	536
895	536
896	536
921	536
940	536
979	536
987	536
1015	536
1020	536
1068	536
1109	536
1159	536
1170	536
1234	536
1236	536
1263	536
623	537
941	537
944	537
957	537
974	537
1093	537
1103	537
1160	537
1172	537
1238	537
972	538
1076	538
1215	538
648	539
801	540
1053	540
1238	540
775	542
817	542
819	542
893	542
920	542
967	542
981	542
985	542
994	542
1015	542
1077	542
1122	542
1141	542
1239	542
1241	542
552	543
631	543
947	543
1019	543
1057	543
548	545
616	545
623	545
624	545
730	545
889	545
906	545
916	545
987	545
1000	545
1005	545
1138	545
1241	545
825	546
920	546
934	546
967	546
605	547
1118	547
1230	547
550	548
623	548
668	548
798	548
813	548
851	548
883	548
1042	548
1155	548
1202	548
1008	549
1038	549
626	550
732	550
820	550
896	550
919	550
935	550
955	550
975	550
1147	550
1164	550
1166	550
1239	550
920	551
554	552
1015	552
1158	552
1262	552
595	553
604	553
621	553
667	553
732	553
741	553
747	553
763	553
789	553
791	553
814	553
889	553
893	553
906	553
917	553
919	553
932	553
940	553
959	553
990	553
991	553
994	553
1017	553
1019	553
1031	553
1075	553
1105	553
1151	553
1168	553
1170	553
1175	553
1207	553
1208	553
1211	553
1218	553
1219	553
1230	553
1236	553
1239	553
889	554
1157	555
864	556
919	556
621	557
1251	557
971	558
822	559
972	559
1239	559
699	560
748	560
1030	560
1224	560
1251	560
1251	561
1040	563
883	564
949	564
1145	564
1198	564
785	565
572	566
640	566
676	566
680	566
741	566
742	566
754	566
775	566
829	566
916	566
921	566
940	566
979	566
981	566
986	566
1009	566
1044	566
1059	566
1067	566
1156	566
1186	566
1205	566
1236	566
1263	566
872	567
943	567
1004	567
1185	567
1239	567
623	570
630	571
1035	571
1068	571
1241	571
578	572
642	572
741	572
754	572
775	572
829	572
835	572
921	572
965	572
978	572
979	572
1068	572
1227	572
1236	572
1263	572
734	574
955	574
960	574
991	574
1009	574
1031	574
1142	574
1150	574
1159	574
1225	574
1230	574
595	576
614	576
667	576
715	576
753	576
758	576
906	576
1142	576
1251	576
1255	576
608	577
624	577
815	577
829	577
972	577
986	577
1019	577
1061	577
1066	577
1116	577
1184	577
586	578
606	578
951	578
1125	578
1136	578
878	580
916	580
920	580
967	580
972	580
1067	580
1262	580
669	581
738	581
876	581
936	581
1031	581
1075	581
1224	581
1226	581
1241	581
1251	581
1172	582
788	583
921	583
942	583
966	583
1142	583
607	584
637	584
779	584
922	584
972	584
1019	584
1207	584
1229	584
657	586
727	586
735	586
742	586
789	586
935	586
945	586
955	586
960	586
972	586
991	586
1015	586
1018	586
1125	586
1138	586
1153	586
1210	586
1251	586
595	587
741	587
1072	587
1227	587
1093	588
1144	588
1200	588
1260	588
635	589
800	589
1142	589
1159	590
1239	590
640	591
947	591
1262	591
1205	592
708	593
858	594
650	595
702	595
706	595
806	595
839	595
856	595
1022	595
1075	595
1137	595
1212	595
806	597
820	598
972	598
1072	598
1156	598
1233	598
1181	599
1192	599
618	600
770	600
972	600
1053	600
1066	600
1207	600
1219	600
1258	600
604	601
789	602
1042	603
1063	603
1162	603
682	604
745	604
769	604
813	604
883	604
923	604
936	604
1010	604
1040	604
1083	604
1093	604
1097	604
1109	604
1150	604
1212	604
1242	604
633	606
667	606
793	606
896	606
927	606
1250	606
1251	606
645	607
648	607
735	607
822	607
849	607
888	607
893	607
935	607
969	607
977	607
1003	607
1201	607
1251	607
1113	608
1211	609
636	610
922	610
1010	610
1062	610
1113	610
1213	610
1156	611
1213	611
1239	611
947	613
1088	613
1239	613
947	614
1063	614
1113	615
735	616
1017	616
626	617
717	617
779	617
834	617
969	617
1072	617
1207	617
1230	617
1239	617
623	618
631	618
815	618
837	618
838	618
846	618
936	618
947	618
1072	618
1097	618
1137	618
1150	618
1207	618
640	619
688	619
702	619
834	619
951	619
979	619
981	619
1031	619
1085	619
1102	619
1263	619
638	621
646	621
702	621
706	621
710	621
743	621
796	621
864	621
868	621
883	621
920	621
927	621
942	621
1000	621
1059	621
1062	621
1172	621
1200	621
1211	621
676	622
875	622
1097	622
658	623
660	623
680	623
713	623
730	623
735	623
743	623
787	623
822	623
856	623
893	623
940	623
947	623
955	623
959	623
990	623
1000	623
1009	623
1017	623
1022	623
1031	623
1054	623
1059	623
1072	623
1082	623
1089	623
1132	623
1137	623
1148	623
1150	623
1164	623
1183	623
1201	623
1205	623
1211	623
1239	623
682	624
755	624
817	624
839	624
856	624
927	624
942	624
1089	624
1114	624
1127	624
1059	625
809	626
892	626
942	626
945	626
957	626
971	626
1013	626
1042	626
1063	626
1097	626
1098	626
1148	626
1165	626
1191	626
1248	626
1260	626
1041	627
1031	628
1172	628
986	629
1179	630
1249	630
730	631
1015	631
1241	631
994	632
1012	632
1151	632
1201	632
1255	632
743	634
636	635
787	635
808	636
963	636
969	636
1015	636
1214	636
1239	636
727	637
1164	637
1019	638
717	639
950	639
1072	639
1122	639
1219	639
742	640
921	640
979	640
989	640
1072	640
1090	640
1104	640
1214	640
1236	640
1263	640
667	641
881	641
920	641
1017	641
682	642
883	642
1067	642
1241	642
1252	642
837	644
789	645
892	645
920	645
1093	645
1097	645
1252	645
680	646
682	646
1239	646
1019	647
743	648
833	648
898	648
920	648
961	648
999	648
1102	648
1192	648
1210	648
748	650
888	650
1156	650
1208	650
920	652
1072	652
670	653
793	654
883	654
1128	654
1053	655
1239	655
972	656
1096	657
981	658
1057	660
1093	661
923	662
1241	662
743	663
896	664
1129	664
1139	664
707	665
735	665
741	665
742	665
789	665
797	665
808	665
822	665
892	665
935	665
969	665
977	665
981	665
1015	665
1067	665
1090	665
1125	665
1131	665
1138	665
1153	665
1190	665
1227	665
1251	665
796	666
748	667
839	667
846	667
881	667
888	667
920	667
934	667
1059	667
1074	667
1117	667
1200	667
1215	667
1252	667
960	668
1008	668
688	669
833	669
943	669
1000	669
1094	669
1210	669
1248	669
947	670
1063	672
834	673
1096	673
1122	674
689	676
777	676
857	676
865	676
988	676
1015	676
947	677
835	678
1076	678
737	679
822	679
1239	679
1251	679
1256	679
682	680
718	680
722	680
727	680
817	680
846	680
926	680
951	680
958	680
984	680
1057	680
1187	680
799	681
1040	681
1097	681
1169	681
713	682
730	682
747	682
755	682
797	682
829	682
906	682
919	682
932	682
955	682
1031	682
1033	682
1044	682
1048	682
1054	682
1089	682
1092	682
1170	682
1193	682
1201	682
1211	682
1239	682
1241	682
1251	682
790	683
1038	683
1063	683
1262	683
892	684
921	685
923	685
1013	685
1096	685
1215	685
1248	685
987	686
1093	686
865	687
1138	687
1156	687
693	688
758	688
797	688
809	688
822	688
841	688
907	688
947	688
1000	688
1025	688
1034	688
1054	688
1059	688
1077	688
1078	688
1081	688
1117	688
1232	688
1239	688
1251	688
1263	688
846	689
962	689
971	689
985	689
1200	689
957	690
967	691
969	691
706	692
719	693
741	694
820	694
896	694
969	694
975	694
1153	694
805	695
969	696
951	698
1027	698
1067	698
1215	698
802	699
972	699
1260	699
842	700
940	702
969	702
1207	702
1241	702
1251	702
706	703
710	703
738	703
959	704
1146	704
972	705
959	706
1015	706
883	707
923	707
1093	707
1094	707
1099	707
1145	707
846	708
710	709
1015	710
1031	710
1241	710
852	711
910	711
981	711
1159	711
1241	711
713	712
790	713
813	713
838	713
839	713
1067	713
1148	713
1172	713
716	714
972	715
1105	715
972	716
897	717
921	717
974	717
975	717
1013	717
1238	717
1247	717
803	719
841	719
902	719
743	720
951	721
1013	721
1084	722
1222	723
743	725
911	725
1069	725
839	726
943	726
830	727
1086	727
834	728
969	728
1109	729
856	730
920	730
1063	730
979	731
790	732
791	732
896	732
897	732
991	732
1198	732
1222	732
1015	733
813	734
955	734
991	734
995	734
1181	734
1258	734
834	735
946	735
974	735
1013	735
1188	735
1238	735
1262	735
920	737
1037	737
1067	737
1093	737
1215	737
791	738
896	738
1093	738
749	740
786	740
1088	740
1262	740
742	741
790	741
817	741
892	741
1013	741
1137	741
1202	741
1238	741
945	742
1059	742
1063	742
1082	742
1098	742
1137	742
744	743
753	743
775	743
776	743
785	743
808	743
809	743
834	743
857	743
862	743
885	743
893	743
898	743
926	743
945	743
973	743
981	743
989	743
991	743
1003	743
1015	743
1019	743
1035	743
1059	743
1072	743
1090	743
1164	743
1170	743
1239	743
1251	743
859	745
1001	745
1251	745
1172	746
1241	747
785	748
851	748
883	748
888	748
898	748
920	748
921	748
961	748
972	748
975	748
991	748
1049	748
1102	748
1242	748
963	749
1022	749
1241	749
753	750
1241	750
1057	753
1176	753
951	754
1067	754
1072	755
1239	755
1241	756
881	757
833	758
923	758
1096	758
1155	758
1192	758
1097	759
1207	759
951	760
974	760
876	761
951	763
1043	763
1063	763
872	764
947	764
1067	765
1093	765
822	767
942	768
1064	768
960	769
920	770
922	770
951	770
1096	770
1128	770
1160	770
1239	770
1241	770
1263	770
822	771
889	771
885	772
888	773
972	773
1251	773
861	774
896	774
1038	774
824	775
872	775
1059	775
969	776
1030	776
1031	776
780	779
797	779
822	779
841	779
950	779
955	779
1042	779
1054	779
1122	779
1200	779
1251	779
797	780
819	780
888	780
935	780
969	780
972	780
1029	780
1042	780
1053	780
1092	780
1162	780
1211	780
920	781
898	782
983	782
1202	782
1252	782
951	783
789	784
845	784
988	784
993	784
1072	784
808	785
969	785
975	785
1008	785
1072	785
1078	785
1090	785
1186	785
970	786
975	786
1092	786
981	787
1008	787
789	788
888	788
1068	788
1153	788
1205	788
1236	788
888	789
897	789
922	789
972	789
993	789
1019	789
1085	789
1126	789
1162	789
1170	789
1210	789
1215	789
1234	789
1261	789
1263	789
888	790
893	790
919	790
1070	790
1072	790
1148	790
1162	790
1170	790
1216	790
1079	791
1084	791
1170	791
808	792
981	792
993	792
1009	792
1121	792
1162	792
1211	792
1236	792
1263	792
883	793
950	793
1128	793
883	794
926	794
1239	794
1219	795
1164	796
806	797
883	797
983	797
1040	797
1041	797
1248	797
1061	798
1084	799
804	800
859	801
966	803
1096	803
1238	803
916	805
922	805
961	805
940	806
1122	806
1239	806
985	808
991	808
1067	808
888	809
1239	810
983	812
1057	812
1102	812
871	813
933	813
935	813
952	813
969	813
1000	813
1083	813
1126	813
1207	813
1251	813
920	814
846	815
883	815
920	815
925	815
936	815
947	815
961	815
1093	815
1096	815
1097	815
1196	815
1207	815
969	817
1072	817
1072	818
947	819
1262	819
839	820
896	820
927	820
1003	820
1137	820
828	822
883	822
920	822
922	822
929	822
961	822
972	822
995	822
1096	822
1097	822
1100	822
1102	822
1165	822
1172	822
1196	822
1200	822
1215	822
981	824
988	824
1207	824
906	825
940	825
1079	825
1084	825
1122	825
963	826
1015	826
1177	827
981	828
1207	828
1211	828
1067	829
1252	829
1071	831
1074	831
972	833
974	833
1054	833
885	834
941	834
975	834
985	834
1015	834
1031	834
1045	834
1077	834
1156	834
1207	834
920	835
1170	835
1203	835
1236	835
1072	836
975	837
1059	837
979	838
1068	838
1164	838
1241	838
879	839
889	839
943	839
1026	839
1060	839
1068	839
1156	839
1199	839
841	840
859	841
999	841
1053	841
1096	841
1165	841
1182	841
1251	844
1013	845
1094	845
1169	845
932	846
975	846
1072	846
1156	846
1179	846
1201	846
1207	846
1251	846
947	847
947	848
922	849
1042	850
1200	850
1248	850
969	851
972	851
1030	851
1034	851
999	852
933	853
1226	854
1082	855
965	856
1031	856
1054	856
1092	856
1166	856
1207	856
1067	857
1262	857
906	858
947	858
972	858
1019	858
885	859
892	859
926	859
1138	860
972	863
885	864
950	864
972	864
979	864
991	864
1020	864
1159	864
1219	864
1049	865
1067	865
1072	865
1150	865
1147	866
1048	868
1080	868
1161	868
1239	869
1093	870
1117	870
1239	870
878	876
908	876
920	876
1027	876
1150	876
922	877
1182	878
1239	878
908	879
1113	879
1166	879
1096	880
1239	880
1261	880
1017	881
919	883
950	883
960	883
966	883
969	883
972	883
1015	883
1028	883
1050	883
1090	883
1128	883
1138	883
1147	883
1166	883
1183	883
1186	883
1207	883
1239	883
1241	883
1242	883
1248	884
949	885
977	885
981	885
1031	885
1146	885
1223	885
1234	885
920	886
896	888
926	888
942	888
972	888
992	888
993	888
994	888
1019	888
1031	888
1035	888
1099	888
1126	888
1142	888
1162	888
1170	888
1202	888
1216	888
896	889
897	889
921	889
1022	889
1061	889
1151	889
1208	889
1212	889
1030	890
1068	890
1131	890
958	892
969	892
1015	892
1054	892
1057	892
1059	892
1093	892
1162	892
1190	892
1209	892
1211	892
1239	892
947	893
896	895
908	896
1107	896
1239	896
1213	897
1234	898
1252	898
922	899
1156	900
904	903
1015	904
1123	904
1252	905
920	906
936	906
951	906
1067	906
1150	906
1172	906
1239	906
909	907
1027	907
1038	907
1031	908
1219	908
1239	908
1059	909
990	911
920	912
920	913
1039	913
1219	914
995	915
921	916
981	916
983	916
1013	916
1049	916
1102	916
1155	916
1219	916
920	917
1239	917
1093	918
920	919
953	919
971	919
1065	919
1097	919
1136	919
1207	919
938	920
987	920
1005	920
1017	920
1025	920
1048	920
1068	920
1072	920
1079	920
1086	920
1087	920
1090	920
1122	920
1127	920
1138	920
1153	920
1168	920
1205	920
1207	920
1208	920
1211	920
1217	920
1219	920
1228	920
1230	920
1236	920
1241	920
1263	920
959	921
977	921
981	921
1015	921
1016	921
1072	921
1090	921
939	922
960	922
972	922
979	922
981	922
987	922
1090	922
1147	922
1210	922
1263	922
1142	923
1177	923
1217	923
1251	923
986	925
1072	925
972	926
1000	926
1207	926
940	927
1205	927
1209	927
1050	929
1146	929
1150	929
1161	929
1239	929
1031	930
966	931
1262	932
971	933
1042	933
1062	933
1097	933
1115	933
1202	933
1238	933
966	935
1125	935
1215	935
1105	936
1207	936
1241	936
1262	939
942	940
945	940
965	940
976	940
984	940
1035	940
1156	940
988	942
1064	942
1068	942
1205	942
1207	942
1241	942
1131	943
1262	943
981	945
1015	945
1057	945
1079	945
1122	945
1159	945
1190	945
1218	945
1048	946
1087	946
1159	946
1241	946
950	947
972	947
981	947
991	947
1015	947
1026	947
1034	947
1059	947
1072	947
1090	947
1093	947
1105	947
1130	947
1146	947
1150	947
1152	947
1156	947
1159	947
1177	947
1183	947
1201	947
1205	947
1207	947
1262	947
962	948
1093	948
1015	950
1146	950
960	951
977	951
979	951
981	951
986	951
987	951
1031	951
1046	951
1066	951
1072	951
1079	951
1084	951
1090	951
1146	951
1157	951
1201	951
1207	951
1211	951
1239	951
1062	952
983	953
1015	953
1207	954
1094	955
1100	955
1172	955
1211	955
1223	955
1238	955
1260	955
960	957
972	957
1263	957
967	958
1008	958
1054	958
1090	958
1159	958
1170	958
1174	958
1200	959
1202	959
1053	960
1067	960
1109	960
1252	960
979	961
1164	961
1207	961
1263	961
969	962
972	962
1210	963
971	965
1038	965
1015	966
1090	966
1122	966
971	967
1145	967
983	968
1035	968
1054	968
1238	968
971	969
1165	969
1202	969
1248	969
1262	969
1202	970
1079	971
1169	971
1223	971
1230	971
1234	971
1236	971
1251	971
1263	971
977	972
995	972
1005	972
1013	972
1015	972
1020	972
1049	972
1057	972
1082	972
1093	972
1097	972
1100	972
1138	972
1155	972
1162	972
1164	972
1170	972
1191	972
1213	972
1230	972
1239	972
1252	972
981	973
1008	973
979	974
1005	974
1238	974
1251	974
989	975
1035	975
1071	975
1160	975
1165	975
979	977
1019	977
1067	977
1109	977
1239	977
1252	977
1262	977
1067	978
1046	979
1059	979
1067	979
1072	979
1170	979
1222	979
1252	979
1262	979
1263	979
995	981
1004	981
1057	981
1064	981
1072	981
1078	981
1095	981
1102	981
1210	981
1242	981
1250	981
1170	982
1054	983
1251	983
991	984
1159	984
1220	984
1009	985
1015	985
1057	985
1072	985
1236	985
1097	986
1101	986
1067	987
1119	987
1137	987
1138	987
1167	987
1172	988
1147	989
1018	991
1035	991
1077	991
1102	991
1162	991
1170	991
1234	991
1252	991
1074	993
1239	993
1151	994
1162	994
1170	994
1026	995
1207	995
1100	999
1013	1000
1096	1000
1102	1000
1172	1000
1140	1001
1116	1003
1239	1003
1015	1004
1241	1004
1013	1005
1010	1007
1039	1008
1170	1008
1239	1008
1057	1009
1091	1009
1125	1009
1215	1009
1090	1010
1239	1010
1093	1012
1213	1012
1239	1012
1146	1013
1162	1013
1251	1013
1258	1013
1018	1015
1067	1015
1112	1015
1172	1015
1179	1015
1213	1015
1239	1015
1244	1015
1250	1015
1083	1017
1093	1017
1020	1019
1057	1019
1069	1019
1080	1019
1123	1019
1211	1019
1067	1020
1155	1020
1137	1022
1207	1022
1042	1023
1236	1024
1049	1025
1057	1025
1097	1026
1042	1027
1090	1027
1251	1027
1097	1030
1099	1030
1248	1030
1057	1031
1136	1031
1211	1032
1059	1033
1040	1034
1072	1035
1126	1035
1164	1035
1046	1036
1073	1037
1170	1038
1201	1038
1211	1038
1105	1040
1251	1040
1053	1042
1123	1042
1177	1042
1251	1042
1156	1043
1262	1046
1093	1048
1156	1048
1239	1048
1219	1049
1213	1050
1252	1050
1077	1053
1251	1053
1055	1054
1057	1054
1096	1054
1059	1057
1127	1057
1150	1057
1204	1057
1239	1057
1066	1059
1096	1059
1106	1059
1111	1059
1248	1059
1251	1059
1210	1061
1151	1062
1169	1062
1239	1062
1259	1062
1083	1063
1152	1063
1072	1067
1081	1067
1086	1067
1090	1067
1123	1067
1153	1067
1162	1067
1201	1067
1219	1067
1227	1067
1236	1067
1239	1067
1136	1068
1163	1068
1222	1068
1072	1069
1077	1070
1137	1070
1074	1071
1093	1071
1093	1072
1105	1072
1115	1072
1156	1072
1201	1072
1205	1072
1215	1072
1235	1072
1239	1072
1246	1072
1263	1072
1131	1074
1144	1074
1239	1075
1156	1076
1146	1077
1095	1078
1096	1078
1239	1078
1084	1079
1244	1079
1117	1080
1155	1082
1167	1082
1185	1082
1190	1088
1191	1088
1096	1090
1188	1090
1248	1090
1252	1090
1192	1091
1172	1092
1262	1092
1106	1093
1127	1093
1144	1093
1183	1093
1200	1093
1207	1093
1131	1094
1169	1094
1260	1094
1146	1096
1251	1096
1252	1096
1131	1097
1169	1097
1179	1097
1207	1097
1218	1097
1251	1097
1138	1098
1245	1098
1179	1100
1162	1102
1239	1105
1172	1106
1110	1109
1122	1109
1153	1109
1156	1109
1207	1109
1230	1109
1175	1110
1156	1112
1131	1114
1147	1114
1122	1115
1156	1115
1241	1115
1246	1115
1185	1117
1217	1125
1146	1128
1151	1129
1137	1130
1215	1130
1262	1131
1154	1136
1159	1136
1159	1137
1211	1137
1165	1138
1197	1138
1251	1138
1262	1139
1169	1142
1177	1142
1155	1146
1185	1146
1235	1146
1248	1146
1252	1146
1260	1146
1262	1146
1252	1147
1171	1150
1209	1150
1213	1150
1219	1150
1239	1150
1255	1150
1162	1155
1263	1155
1206	1156
1263	1156
1200	1159
1169	1160
1213	1160
1232	1160
1239	1160
1259	1160
1207	1161
1170	1162
1202	1162
1172	1164
1241	1164
1251	1165
1182	1168
1213	1169
1239	1169
1240	1169
1239	1170
1257	1170
1263	1170
1173	1172
1205	1172
1262	1174
1239	1175
1248	1178
1187	1182
1236	1185
1195	1186
1207	1191
1256	1192
1207	1200
1215	1200
1217	1202
1251	1202
1237	1205
1215	1207
1258	1207
1262	1207
1215	1210
1236	1210
1263	1210
1239	1213
1254	1213
1251	1215
1239	1216
1236	1222
1239	1223
1262	1226
1262	1230
1241	1233
1244	1234
1251	1238
1241	1239
1249	1239
1252	1239
1262	1239
1243	1242
1251	1248
1252	1251
1263	1252
